43 51 30 39 61 92
63 64 51 54 63 73
71 70 68 69 76 86
61 63 45 47 54 84
81 78 56 66 71 83
43 55 49 44 54 49
58 67 42 56 66 68
71 75 50 55 70 66
72 82 72 67 71 83
67 61 45 47 62 80
64 53 53 58 58 67
67 60 47 39 59 74
69 62 57 42 55 63
68 83 83 45 59 77
77 77 54 72 79 77
81 90 50 72 60 54
74 85 64 69 79 79
65 60 65 75 55 80
65 70 46 57 75 85
50 58 68 54 64 78
50 40 33 34 43 64
64 61 52 62 66 80
53 66 52 50 63 80 
40 37 42 58 50 57
63 54 42 48 66 75
66 77 66 63 88 76
78 75 58 74 80 78
48 57 44 45 51 83
85 85 71 71 77 74
82 82 39 59 64 78